[root@localhost act-master]# ./latency_calc/act_latency.py -l output512.txt -t 60
data is act version 3.0
        trans                                              device
        %>(ms)                                             %>(ms)
slice        1      2      4      8     16     32     64        1      2      4      8     16     32     64
-----   ------ ------ ------ ------ ------ ------ ------   ------ ------ ------ ------ ------ ------ ------
    1     0.00   0.00   0.00   0.00   0.00   0.00   0.00     0.00   0.00   0.00   0.00   0.00   0.00   0.00
    2     0.00   0.00   0.00   0.00   0.00   0.00   0.00     0.00   0.00   0.00   0.00   0.00   0.00   0.00
    3     0.00   0.00   0.00   0.00   0.00   0.00   0.00     0.00   0.00   0.00   0.00   0.00   0.00   0.00
    4     0.00   0.00   0.00   0.00   0.00   0.00   0.00     0.00   0.00   0.00   0.00   0.00   0.00   0.00
    5     0.00   0.00   0.00   0.00   0.00   0.00   0.00     0.00   0.00   0.00   0.00   0.00   0.00   0.00
    6     0.00   0.00   0.00   0.00   0.00   0.00   0.00     0.00   0.00   0.00   0.00   0.00   0.00   0.00
    7     0.01   0.00   0.00   0.00   0.00   0.00   0.00     0.01   0.00   0.00   0.00   0.00   0.00   0.00
    8     0.01   0.00   0.00   0.00   0.00   0.00   0.00     0.01   0.00   0.00   0.00   0.00   0.00   0.00
    9     0.00   0.00   0.00   0.00   0.00   0.00   0.00     0.00   0.00   0.00   0.00   0.00   0.00   0.00
   10     0.01   0.00   0.00   0.00   0.00   0.00   0.00     0.01   0.00   0.00   0.00   0.00   0.00   0.00
   11     0.01   0.00   0.00   0.00   0.00   0.00   0.00     0.01   0.00   0.00   0.00   0.00   0.00   0.00
   12     0.01   0.00   0.00   0.00   0.00   0.00   0.00     0.01   0.00   0.00   0.00   0.00   0.00   0.00
   13     0.01   0.00   0.00   0.00   0.00   0.00   0.00     0.01   0.00   0.00   0.00   0.00   0.00   0.00
   14     0.01   0.00   0.00   0.00   0.00   0.00   0.00     0.01   0.00   0.00   0.00   0.00   0.00   0.00
   15     0.01   0.00   0.00   0.00   0.00   0.00   0.00     0.01   0.00   0.00   0.00   0.00   0.00   0.00
   16     0.02   0.00   0.00   0.00   0.00   0.00   0.00     0.02   0.00   0.00   0.00   0.00   0.00   0.00
   17     0.01   0.00   0.00   0.00   0.00   0.00   0.00     0.01   0.00   0.00   0.00   0.00   0.00   0.00
   18     0.01   0.00   0.00   0.00   0.00   0.00   0.00     0.01   0.00   0.00   0.00   0.00   0.00   0.00
   19     0.01   0.00   0.00   0.00   0.00   0.00   0.00     0.01   0.00   0.00   0.00   0.00   0.00   0.00
   20     0.02   0.00   0.00   0.00   0.00   0.00   0.00     0.02   0.00   0.00   0.00   0.00   0.00   0.00
   21     0.02   0.00   0.00   0.00   0.00   0.00   0.00     0.02   0.00   0.00   0.00   0.00   0.00   0.00
   22     0.01   0.00   0.00   0.00   0.00   0.00   0.00     0.01   0.00   0.00   0.00   0.00   0.00   0.00
   23     0.01   0.00   0.00   0.00   0.00   0.00   0.00     0.01   0.00   0.00   0.00   0.00   0.00   0.00
   24     0.02   0.00   0.00   0.00   0.00   0.00   0.00     0.02   0.00   0.00   0.00   0.00   0.00   0.00
   25     0.02   0.00   0.00   0.00   0.00   0.00   0.00     0.02   0.00   0.00   0.00   0.00   0.00   0.00
   26     0.02   0.00   0.00   0.00   0.00   0.00   0.00     0.02   0.00   0.00   0.00   0.00   0.00   0.00
   27     0.02   0.00   0.00   0.00   0.00   0.00   0.00     0.02   0.00   0.00   0.00   0.00   0.00   0.00
   28     0.02   0.00   0.00   0.00   0.00   0.00   0.00     0.02   0.00   0.00   0.00   0.00   0.00   0.00
   29     0.02   0.00   0.00   0.00   0.00   0.00   0.00     0.02   0.00   0.00   0.00   0.00   0.00   0.00
   30     0.02   0.00   0.00   0.00   0.00   0.00   0.00     0.02   0.00   0.00   0.00   0.00   0.00   0.00
   31     0.03   0.00   0.00   0.00   0.00   0.00   0.00     0.03   0.00   0.00   0.00   0.00   0.00   0.00
   32     0.03   0.00   0.00   0.00   0.00   0.00   0.00     0.03   0.00   0.00   0.00   0.00   0.00   0.00
   33     0.03   0.00   0.00   0.00   0.00   0.00   0.00     0.03   0.00   0.00   0.00   0.00   0.00   0.00
   34     0.03   0.00   0.00   0.00   0.00   0.00   0.00     0.03   0.00   0.00   0.00   0.00   0.00   0.00
   35     0.03   0.00   0.00   0.00   0.00   0.00   0.00     0.03   0.00   0.00   0.00   0.00   0.00   0.00
-----   ------ ------ ------ ------ ------ ------ ------   ------ ------ ------ ------ ------ ------ ------
  avg     0.01   0.00   0.00   0.00   0.00   0.00   0.00     0.01   0.00   0.00   0.00   0.00   0.00   0.00
  max     0.03   0.00   0.00   0.00   0.00   0.00   0.00     0.03   0.00   0.00   0.00   0.00   0.00   0.00